[gd_scene load_steps=7 format=3 uid="uid://2leuno5362ho"]

[ext_resource type="PackedScene" uid="uid://coxdx25ir1fch" path="res://tree.tscn" id="1_esi35"]
[ext_resource type="PackedScene" uid="uid://crdork6167qvb" path="res://rock.tscn" id="2_f4tti"]

[sub_resource type="ProceduralSkyMaterial" id="ProceduralSkyMaterial_pnj24"]
sky_top_color = Color(0.588235, 0.266667, 0.784314, 1)
sky_horizon_color = Color(0.647059, 0.620588, 0.721569, 1)
ground_bottom_color = Color(0, 0.215686, 0.101961, 1)
ground_horizon_color = Color(0.647059, 0.620588, 0.721569, 1)

[sub_resource type="Sky" id="Sky_w01sq"]
sky_material = SubResource("ProceduralSkyMaterial_pnj24")

[sub_resource type="Environment" id="Environment_fy7j2"]
background_mode = 2
sky = SubResource("Sky_w01sq")

[sub_resource type="StandardMaterial3D" id="StandardMaterial3D_7y7xv"]
albedo_color = Color(0.317647, 0.160784, 0.141176, 1)

[node name="Forest" type="Node3D"]

[node name="WorldEnvironment" type="WorldEnvironment" parent="."]
environment = SubResource("Environment_fy7j2")

[node name="DirectionalLight3D" type="DirectionalLight3D" parent="."]
transform = Transform3D(-0.866025, -0.5, -2.18557e-08, 0, -4.37114e-08, 1, -0.5, 0.866025, 3.78552e-08, 0, 0, 0)
shadow_enabled = true

[node name="Camera3D" type="Camera3D" parent="."]
transform = Transform3D(0.208492, 0, 0.978024, 0, 1, 0, -0.978024, 0, 0.208492, 8.93521, 1.45897, 3.1293)

[node name="Ground" type="CSGBox3D" parent="."]
transform = Transform3D(1, 0, 0, 0, 1, 0, 0, 0, 1, 0, -1, 0)
size = Vector3(100, 0.5, 100)
material = SubResource("StandardMaterial3D_7y7xv")

[node name="Trees" type="Node3D" parent="."]
transform = Transform3D(1, 0, 0, 0, 1, 0, 0, 0, 1, 0, -0.678352, -0.0888796)

[node name="Tree" parent="Trees" instance=ExtResource("1_esi35")]

[node name="Tree2" parent="Trees" instance=ExtResource("1_esi35")]
transform = Transform3D(1, 0, 0, 0, 1, 0, 0, 0, 1, 6.26342, 0, -5.40999)

[node name="Tree3" parent="Trees" instance=ExtResource("1_esi35")]
transform = Transform3D(1, 0, 0, 0, 1, 0, 0, 0, 1, -11.1385, 0, 0)

[node name="Tree4" parent="Trees" instance=ExtResource("1_esi35")]
transform = Transform3D(-0.10989, 0, -0.993944, 0, 1, 0, 0.993944, 0, -0.10989, -8.16068, 0, -0.386323)

[node name="Tree5" parent="Trees" instance=ExtResource("1_esi35")]
transform = Transform3D(-0.10989, 0, -0.993944, 0, 1, 0, 0.993944, 0, -0.10989, -3.47175, 0, 6.43367)

[node name="Tree6" parent="Trees" instance=ExtResource("1_esi35")]
transform = Transform3D(-0.10989, 0, -0.993944, 0, 1, 0, 0.993944, 0, -0.10989, -6.93667, 0, -11.4573)

[node name="Tree7" parent="Trees" instance=ExtResource("1_esi35")]
transform = Transform3D(0.705389, 0, -0.70882, 0, 1, 0, 0.70882, 0, 0.705389, -18.559, 0, 2.23833)

[node name="Tree8" parent="Trees" instance=ExtResource("1_esi35")]
transform = Transform3D(0.705389, 0, -0.70882, 0, 1, 0, 0.70882, 0, 0.705389, -10.3061, 0, 2.86183)

[node name="Tree9" parent="Trees" instance=ExtResource("1_esi35")]
transform = Transform3D(0.705389, 0, -0.70882, 0, 1, 0, 0.70882, 0, 0.705389, -26.4159, 0, -5.65684)

[node name="Tree10" parent="Trees" instance=ExtResource("1_esi35")]
transform = Transform3D(-0.782043, 0, -0.623225, 0, 1, 0, 0.623225, 0, -0.782043, -24.0416, 0, -3.81863)

[node name="Tree11" parent="Trees" instance=ExtResource("1_esi35")]
transform = Transform3D(-0.782043, 0, -0.623225, 0, 1, 0, 0.623225, 0, -0.782043, -25.5682, 0, 4.31573)

[node name="Tree12" parent="Trees" instance=ExtResource("1_esi35")]
transform = Transform3D(-0.782043, 0, -0.623225, 0, 1, 0, 0.623225, 0, -0.782043, -15.3309, 0, -10.7604)

[node name="Rocks" type="Node3D" parent="."]
transform = Transform3D(1, 0, 0, 0, 1, 0, 0, 0, 1, 0, -0.752878, 0)

[node name="rock" parent="Rocks" instance=ExtResource("2_f4tti")]
transform = Transform3D(0.881658, 0.333676, -0.333676, 0, 0.707107, 0.707107, 0.471889, -0.623426, 0.623426, 5.56485, 0, -2.36903)

[node name="rock2" parent="Rocks" instance=ExtResource("2_f4tti")]
transform = Transform3D(0.68307, 0.516438, -0.516438, 0, 0.707107, 0.707107, 0.730353, -0.483003, 0.483003, 2.84202, 0, 6.12445)

[node name="rock3" parent="Rocks" instance=ExtResource("2_f4tti")]
transform = Transform3D(1, 0, 0, 0, 0.707107, 0.707107, 0, -0.707107, 0.707107, -11.2213, -9.53674e-07, 14.4021)

[node name="rock4" parent="Rocks" instance=ExtResource("2_f4tti")]
transform = Transform3D(1, 0, 0, 0, 0.707107, 0.707107, 0, -0.707107, 0.707107, -19.5805, 9.53674e-07, 11.0698)

[node name="rock5" parent="Rocks" instance=ExtResource("2_f4tti")]
transform = Transform3D(0.739854, 0.475718, -0.475718, 0, 0.707107, 0.707107, 0.672767, -0.523156, 0.523156, -12.38, 9.53674e-07, 11.0698)

[node name="rock6" parent="Rocks" instance=ExtResource("2_f4tti")]
transform = Transform3D(1, 0, 0, 0, 0.707107, 0.707107, 0, -0.707107, 0.707107, 0.318486, 0, -15.6711)

[node name="rock7" parent="Rocks" instance=ExtResource("2_f4tti")]
transform = Transform3D(1, 0, 0, 0, 0.707107, 0.707107, 0, -0.707107, 0.707107, -8.04067, 1.90735e-06, -19.0034)

[node name="rock8" parent="Rocks" instance=ExtResource("2_f4tti")]
transform = Transform3D(0.739854, 0.475718, -0.475718, 0, 0.707107, 0.707107, 0.672767, -0.523156, 0.523156, -0.840161, 1.90735e-06, -19.0034)
